0.000000E0  2.862355E-1 5.504529E-1
3.333333E-2 2.972446E-1 5.614620E-1
6.666667E-2 2.862355E-1 5.394439E-1
1.000000E-1 2.862355E-1 5.504529E-1
1.333333E-1 2.642174E-1 5.614620E-1
1.666667E-1 3.082536E-1 5.944892E-1
2.000000E-1 2.862355E-1 5.834801E-1
2.333333E-1 2.752265E-1 5.724710E-1
2.666667E-1 2.972446E-1 5.394439E-1
3.000000E-1 2.862355E-1 5.724710E-1
3.333333E-1 2.862355E-1 5.284348E-1
3.666667E-1 2.862355E-1 5.284348E-1
4.000000E-1 2.752265E-1 5.284348E-1
4.333333E-1 2.862355E-1 5.504529E-1
4.666667E-1 2.972446E-1 5.284348E-1
5.000000E-1 3.192627E-1 5.284348E-1
5.333333E-1 3.522899E-1 5.174257E-1
5.666667E-1 3.412808E-1 5.064167E-1
6.000000E-1 3.743080E-1 4.733895E-1
6.333333E-1 3.632989E-1 4.623805E-1
6.666667E-1 3.632989E-1 4.843986E-1
7.000000E-1 3.522899E-1 5.174257E-1
7.333333E-1 3.192627E-1 5.724710E-1
7.666667E-1 2.752265E-1 6.495345E-1
8.000000E-1 2.642174E-1 7.596250E-1
8.333333E-1 2.091721E-1 8.697156E-1
8.666667E-1 2.091721E-1 9.908153E-1
9.000000E-1 2.862355E-1 1.045861E0
9.333333E-1 3.302718E-1 1.111915E0
9.666667E-1 3.963261E-1 1.155951E0
1.000000E0  4.183442E-1 1.222005E0
1.033333E0  4.293533E-1 1.155951E0
1.066667E0  3.632989E-1 1.045861E0
1.100000E0  3.632989E-1 1.001824E0
1.133333E0  2.752265E-1 8.366884E-1
1.166667E0  2.421993E-1 6.495345E-1
1.200000E0  2.311902E-1 5.174257E-1
1.233333E0  3.082536E-1 4.623805E-1
1.266667E0  2.862355E-1 4.733895E-1
1.300000E0  2.972446E-1 4.293533E-1
1.333333E0  3.412808E-1 4.623805E-1
