0.000000E0  -9.908153E-2    -1.100906E-2
3.333333E-2 -1.210996E-1    -1.100906E-2
6.666667E-2 -1.210996E-1    -1.100906E-2
1.000000E-1 -1.210996E-1    -1.100906E-2
1.333333E-1 -1.431178E-1    -1.100906E-2
1.666667E-1 -1.431178E-1    -1.100906E-2
2.000000E-1 -1.321087E-1    -2.201812E-2
2.333333E-1 -1.321087E-1    -2.201812E-2
2.666667E-1 -1.541268E-1    -1.100906E-2
3.000000E-1 -1.651359E-1    -2.201812E-2
3.333333E-1 -1.651359E-1    -2.201812E-2
3.666667E-1 -1.651359E-1    -2.201812E-2
4.000000E-1 -1.321087E-1    -2.201812E-2
4.333333E-1 -1.431178E-1    -1.100906E-2
4.666667E-1 -1.431178E-1    -1.100906E-2
5.000000E-1 -1.210996E-1    -2.201812E-2
5.333333E-1 -1.651359E-1    -3.302718E-2
5.666667E-1 -1.541268E-1    -2.201812E-2
6.000000E-1 -1.541268E-1    -3.302718E-2
6.333333E-1 -1.761449E-1    -2.201812E-2
6.666667E-1 -1.651359E-1    -2.201812E-2
7.000000E-1 -1.541268E-1    -1.100906E-2
7.333333E-1 -1.541268E-1    -3.302718E-2
7.666667E-1 -1.431178E-1    2.201812E-2
8.000000E-1 -1.981631E-1    6.605435E-2
8.333333E-1 -2.532083E-1    1.541268E-1
8.666667E-1 -1.651359E-1    2.752265E-1
9.000000E-1 -7.706341E-2    5.064167E-1
9.333333E-1 -4.403623E-2    7.376069E-1
9.666667E-1 -4.403623E-2    8.587066E-1
1.000000E0  -5.504529E-2    9.027428E-1
1.033333E0  -7.706341E-2    8.256794E-1
1.066667E0  -1.210996E-1    6.605435E-1
1.100000E0  -1.541268E-1    4.513714E-1
1.133333E0  -1.871540E-1    2.091721E-1
1.166667E0  -1.871540E-1    7.706341E-2
1.200000E0  -1.651359E-1    1.100906E-2
1.233333E0  -1.541268E-1    1.100906E-2
1.266667E0  -1.541268E-1    0.000000E0
1.300000E0  -1.321087E-1    -1.100906E-2
1.333333E0  -1.651359E-1    1.100906E-2
