0.000000E0  -3.302718E-1    5.284348E-1
3.333333E-2 -3.192627E-1    5.394439E-1
6.666667E-2 -3.192627E-1    5.394439E-1
1.000000E-1 -3.082536E-1    5.064167E-1
1.333333E-1 -3.082536E-1    5.284348E-1
1.666667E-1 -3.192627E-1    5.284348E-1
2.000000E-1 -2.972446E-1    5.064167E-1
2.333333E-1 -2.862355E-1    4.954076E-1
2.666667E-1 -2.972446E-1    4.954076E-1
3.000000E-1 -2.972446E-1    5.064167E-1
3.333333E-1 -2.972446E-1    5.174257E-1
3.666667E-1 -2.752265E-1    5.284348E-1
4.000000E-1 -2.862355E-1    5.284348E-1
4.333333E-1 -2.862355E-1    5.614620E-1
4.666667E-1 -2.972446E-1    5.394439E-1
5.000000E-1 -3.082536E-1    4.733895E-1
5.333333E-1 -3.412808E-1    4.843986E-1
5.666667E-1 -3.632989E-1    4.954076E-1
6.000000E-1 -3.853170E-1    4.733895E-1
6.333333E-1 -3.963261E-1    4.513714E-1
6.666667E-1 -4.073352E-1    4.183442E-1
7.000000E-1 -3.743080E-1    4.733895E-1
7.333333E-1 -3.412808E-1    5.284348E-1
7.666667E-1 -3.082536E-1    6.054982E-1
8.000000E-1 -2.421993E-1    7.045797E-1
8.333333E-1 -2.201812E-1    8.146703E-1
8.666667E-1 -2.752265E-1    9.137519E-1
9.000000E-1 -3.412808E-1    1.012833E0
9.333333E-1 -4.293533E-1    1.100906E0
9.666667E-1 -4.513714E-1    1.144942E0
1.000000E0  -4.623805E-1    1.199987E0
1.033333E0  -4.513714E-1    1.188978E0
1.066667E0  -4.623805E-1    1.089897E0
1.100000E0  -4.183442E-1    9.687971E-1
1.133333E0  -3.632989E-1    8.256794E-1
1.166667E0  -3.522899E-1    7.045797E-1
1.200000E0  -3.412808E-1    5.724710E-1
1.233333E0  -3.632989E-1    5.174257E-1
1.266667E0  -3.853170E-1    4.513714E-1
1.300000E0  -3.743080E-1    4.403623E-1
1.333333E0  -3.963261E-1    4.954076E-1
