0.000000E0  2.201812E-2 1.012833E0
3.333333E-2 3.302718E-2 1.012833E0
6.666667E-2 2.201812E-2 1.012833E0
1.000000E-1 3.302718E-2 1.001824E0
1.333333E-1 2.201812E-2 1.001824E0
1.666667E-1 3.302718E-2 1.001824E0
2.000000E-1 2.201812E-2 1.001824E0
2.333333E-1 2.201812E-2 1.012833E0
2.666667E-1 2.201812E-2 1.023842E0
3.000000E-1 3.302718E-2 1.012833E0
3.333333E-1 3.302718E-2 1.012833E0
3.666667E-1 1.100906E-2 1.034851E0
4.000000E-1 4.403623E-2 1.012833E0
4.333333E-1 4.403623E-2 1.012833E0
4.666667E-1 5.504529E-2 1.023842E0
5.000000E-1 2.201812E-2 1.012833E0
5.333333E-1 2.201812E-2 9.798062E-1
5.666667E-1 2.201812E-2 9.577881E-1
6.000000E-1 5.504529E-2 9.027428E-1
6.333333E-1 4.403623E-2 8.697156E-1
6.666667E-1 2.201812E-2 8.587066E-1
7.000000E-1 5.504529E-2 9.027428E-1
7.333333E-1 2.201812E-2 9.908153E-1
7.666667E-1 3.302718E-2 1.100906E0
8.000000E-1 3.302718E-2 1.266042E0
8.333333E-1 3.302718E-2 1.387141E0
8.666667E-1 2.201812E-2 1.464205E0
9.000000E-1 3.302718E-2 1.486223E0
9.333333E-1 4.403623E-2 1.508241E0
9.666667E-1 5.504529E-2 1.519250E0
1.000000E0  4.403623E-2 1.497232E0
1.033333E0  3.302718E-2 1.486223E0
1.066667E0  2.201812E-2 1.497232E0
1.100000E0  3.302718E-2 1.409159E0
1.133333E0  4.403623E-2 1.387141E0
1.166667E0  3.302718E-2 1.244024E0
1.200000E0  3.302718E-2 1.166960E0
1.233333E0  3.302718E-2 1.034851E0
1.266667E0  2.201812E-2 9.027428E-1
1.300000E0  -6.661338E-16   8.697156E-1
1.333333E0  1.100906E-2 8.917337E-1
