0.000000000000000000    0.02201811697246503 1.2660417259167391
0.033333333333333326    0.02201811697246503 1.2660417259167391
0.06666666666666665 0.033027175458697045    1.2770507844029715
0.09999999999999999 0.04403623394492984 1.2550326674305063
0.1333333333333333  0.02201811697246503 1.2550326674305063
0.16666666666666666 0.02201811697246503 1.2550326674305063
0.19999999999999998 0.011009058486232237    1.2660417259167391
0.23333333333333334 0.011009058486232237    1.2330145504580412
0.2666666666666666  0.02201811697246503 1.244023608944274
0.3 0.011009058486232237    1.244023608944274
0.3333333333333333  0.033027175458697045    1.2660417259167391
0.36666666666666664 0.0330271754586976  1.2880598428892038
0.39999999999999997 0.033027175458697045    1.2550326674305063
0.43333333333333324 0.033027175458697045    1.2880598428892038
0.4666666666666667  0.033027175458697045    1.2550326674305063
0.49999999999999994 0.033027175458697045    1.1999873749993437
0.5333333333333332  0.011009058486232237    1.1669601995406462
0.5666666666666667  0.011009058486232237    1.1669601995406462
0.6 0.02201811697246503 1.1119149071094836
0.6333333333333333  0.02201811697246503 1.0678786731645538
0.6666666666666666  0.02201811697246503 1.0678786731645538
0.6999999999999998  0.033027175458697045    1.1009058486232512
0.7333333333333333  0.033027175458697045    1.1999873749993437
0.7666666666666666  0.033027175458697045    1.3541141938065993
0.7999999999999999  0.04403623394493017 1.508241012613854
0.8333333333333334  0.0330271754586976  1.5853044220174817
0.8666666666666665  0.033027175458697045    1.6513587729348767
0.8999999999999999  0.033027175458697045    1.6513587729348767
0.9333333333333333  0.04403623394492984 1.7064040653660393
0.9666666666666666  0.01100905848623246 1.7064040653660393
0.9999999999999999  0.02201811697246503 1.6623678314211094
1.0333333333333332  0.011009058486232237    1.6293406559624117
1.0666666666666664  0.011009058486232237    1.6073225389899466
1.1 0.011009058486232237    1.5522772465587842
1.1333333333333333  0.011009058486232237    1.519250071100087
1.1666666666666665  0.011009058486232237    1.4091594862377614
1.2 0.04403623394492984 1.2880598428892038
1.2333333333333332  -6.661338147750939E-16  1.1779692580268786
1.2666666666666666  -0.011009058486232681   1.144942082568181
1.3 0.011009058486232237    1.0898967901370185
1.3333333333333333  0.02201811697246503 1.1119149071094836
