0.000000E0  8.807247E-2 -1.100906E-2
3.333333E-2 6.605435E-2 -2.201812E-2
6.666667E-2 8.807247E-2 -2.201812E-2
1.000000E-1 7.706341E-2 -1.100906E-2
1.333333E-1 4.403623E-2 1.100906E-2
1.666667E-1 7.706341E-2 -2.201812E-2
2.000000E-1 8.807247E-2 -2.201812E-2
2.333333E-1 6.605435E-2 0.000000E0
2.666667E-1 7.706341E-2 0.000000E0
3.000000E-1 9.908153E-2 0.000000E0
3.333333E-1 6.605435E-2 0.000000E0
3.666667E-1 8.807247E-2 1.100906E-2
4.000000E-1 6.605435E-2 1.100906E-2
4.333333E-1 6.605435E-2 1.100906E-2
4.666667E-1 8.807247E-2 0.000000E0
5.000000E-1 7.706341E-2 1.100906E-2
5.333333E-1 8.807247E-2 2.201812E-2
5.666667E-1 1.100906E-1 -1.100906E-2
6.000000E-1 9.908153E-2 -2.201812E-2
6.333333E-1 1.210996E-1 -1.100906E-2
6.666667E-1 9.908153E-2 0.000000E0
7.000000E-1 9.908153E-2 -1.100906E-2
7.333333E-1 6.605435E-2 1.100906E-2
7.666667E-1 9.908153E-2 5.504529E-2
8.000000E-1 7.706341E-2 9.908153E-2
8.333333E-1 1.210996E-1 1.761449E-1
8.666667E-1 8.807247E-2 3.082536E-1
9.000000E-1 5.504529E-2 5.504529E-1
9.333333E-1 4.403623E-2 7.706341E-1
9.666667E-1 5.504529E-2 8.807247E-1
1.000000E0  7.706341E-2 8.697156E-1
1.033333E0  6.605435E-2 8.256794E-1
1.066667E0  9.908153E-2 6.385254E-1
1.100000E0  1.321087E-1 3.743080E-1
1.133333E0  1.210996E-1 1.981631E-1
1.166667E0  1.100906E-1 8.807247E-2
1.200000E0  7.706341E-2 2.201812E-2
1.233333E0  6.605435E-2 1.100906E-2
1.266667E0  9.908153E-2 -1.100906E-2
1.300000E0  7.706341E-2 0.000000E0
1.333333E0  8.807247E-2 0.000000E0
