0.000000E0  1.783449E-1 5.403056E-1
3.333333E-2 2.057480E-1 5.220369E-1
6.666667E-2 1.783449E-1 5.129025E-1
1.000000E-1 1.509418E-1 5.494400E-1
1.333333E-1 1.600761E-1 5.403056E-1
1.666667E-1 1.692105E-1 5.403056E-1
2.000000E-1 1.692105E-1 5.311712E-1
2.333333E-1 1.692105E-1 5.037681E-1
2.666667E-1 1.692105E-1 5.037681E-1
3.000000E-1 1.509418E-1 5.220369E-1
3.333333E-1 1.418074E-1 5.311712E-1
3.666667E-1 1.418074E-1 5.585743E-1
4.000000E-1 9.613552E-2 5.951118E-1
4.333333E-1 3.219492E-2 6.407837E-1
4.666667E-1 3.219492E-2 6.499181E-1
5.000000E-1 3.219492E-2 6.773212E-1
5.333333E-1 5.959803E-2 7.960680E-1
5.666667E-1 1.052699E-1 7.777993E-1
6.000000E-1 1.052699E-1 7.777993E-1
6.333333E-1 8.700115E-2 7.503962E-1
6.666667E-1 5.959803E-2 6.955899E-1
7.000000E-1 2.306055E-2 6.499181E-1
7.333333E-1 -2.261131E-2    6.225149E-1
7.666667E-1 -6.828318E-2    5.768431E-1
8.000000E-1 -9.568629E-2    5.768431E-1
8.333333E-1 -1.504925E-1    5.403056E-1
8.666667E-1 -1.687613E-1    5.220369E-1
9.000000E-1 -1.778956E-1    5.220369E-1
9.333333E-1 -1.778956E-1    5.220369E-1
9.666667E-1 -1.596269E-1    5.037681E-1
1.000000E0  -1.504925E-1    5.037681E-1
1.033333E0  -1.504925E-1    4.946337E-1
1.066667E0  -1.596269E-1    4.854994E-1
1.100000E0  -1.596269E-1    4.854994E-1
1.133333E0  -1.596269E-1    4.854994E-1
1.166667E0  -1.596269E-1    4.946337E-1
1.200000E0  -1.596269E-1    4.946337E-1
1.233333E0  -1.596269E-1    5.403056E-1
