0.000000E0  -2.052988E-1    5.677087E-1
3.333333E-2 -2.327019E-1    5.768431E-1
6.666667E-2 -1.870300E-1    5.768431E-1
1.000000E-1 -1.961644E-1    5.768431E-1
1.333333E-1 -1.870300E-1    5.403056E-1
1.666667E-1 -1.961644E-1    5.768431E-1
2.000000E-1 -1.870300E-1    5.585743E-1
2.333333E-1 -2.509706E-1    5.951118E-1
2.666667E-1 -2.966425E-1    7.047243E-1
3.000000E-1 -3.879862E-1    7.960680E-1
3.333333E-1 -4.153893E-1    8.874117E-1
3.666667E-1 -4.701955E-1    9.513523E-1
4.000000E-1 -4.884643E-1    1.024427E0
4.333333E-1 -5.250018E-1    9.696211E-1
4.666667E-1 -5.158674E-1    8.874117E-1
5.000000E-1 -5.158674E-1    7.869336E-1
5.333333E-1 -4.884643E-1    7.321274E-1
5.666667E-1 -5.158674E-1    6.225149E-1
6.000000E-1 -5.341362E-1    5.403056E-1
6.333333E-1 -5.524049E-1    4.854994E-1
6.666667E-1 -6.437486E-1    4.854994E-1
7.000000E-1 -6.254799E-1    4.672306E-1
7.333333E-1 -6.437486E-1    4.398275E-1
7.666667E-1 -6.072111E-1    4.032900E-1
8.000000E-1 -6.346142E-1    4.398275E-1
8.333333E-1 -6.072111E-1    4.215588E-1
8.666667E-1 -6.072111E-1    4.489619E-1
9.000000E-1 -6.072111E-1    5.129025E-1
9.333333E-1 -6.437486E-1    4.398275E-1
9.666667E-1 -6.254799E-1    4.946337E-1
1.000000E0  -6.254799E-1    4.398275E-1
1.033333E0  -6.254799E-1    4.946337E-1
1.066667E0  -5.889424E-1    5.037681E-1
1.100000E0  -5.980768E-1    4.946337E-1
1.133333E0  -5.980768E-1    4.946337E-1
1.166667E0  -5.980768E-1    5.129025E-1
1.200000E0  -5.980768E-1    5.129025E-1
1.233333E0  -5.980768E-1    5.129025E-1
