0.000000E0  3.219492E-2 1.015293E0
3.333333E-2 4.132929E-2 1.024427E0
6.666667E-2 3.219492E-2 1.024427E0
1.000000E-1 3.219492E-2 1.024427E0
1.333333E-1 3.219492E-2 1.024427E0
1.666667E-1 3.219492E-2 1.024427E0
2.000000E-1 1.392617E-2 1.015293E0
2.333333E-1 4.791802E-3 1.015293E0
2.666667E-1 -3.174569E-2    1.006159E0
3.000000E-1 -3.174569E-2    1.006159E0
3.333333E-1 -6.828318E-2    9.696211E-1
3.666667E-1 -7.741755E-2    9.970242E-1
4.000000E-1 -8.655192E-2    1.060965E0
4.333333E-1 -1.048207E-1    1.088368E0
4.666667E-1 -1.413582E-1    1.143174E0
5.000000E-1 -1.778956E-1    1.170577E0
5.333333E-1 -1.961644E-1    1.152309E0
5.666667E-1 -2.235675E-1    1.134040E0
6.000000E-1 -2.418362E-1    1.115771E0
6.333333E-1 -2.601050E-1    1.079234E0
6.666667E-1 -3.057769E-1    1.024427E0
7.000000E-1 -3.605831E-1    1.015293E0
7.333333E-1 -3.697175E-1    9.787555E-1
7.666667E-1 -3.971206E-1    9.604867E-1
8.000000E-1 -3.971206E-1    9.604867E-1
8.333333E-1 -3.971206E-1    9.513523E-1
8.666667E-1 -3.971206E-1    9.513523E-1
9.000000E-1 -3.971206E-1    9.422180E-1
9.333333E-1 -3.971206E-1    9.422180E-1
9.666667E-1 -3.788518E-1    9.148149E-1
1.000000E0  -3.879862E-1    9.330836E-1
1.033333E0  -3.879862E-1    9.513523E-1
1.066667E0  -3.788518E-1    9.604867E-1
1.100000E0  -3.788518E-1    9.422180E-1
1.133333E0  -3.697175E-1    9.604867E-1
1.166667E0  -3.697175E-1    9.513523E-1
1.200000E0  -3.697175E-1    9.422180E-1
1.233333E0  -3.697175E-1    9.787555E-1
