0.000000E0  4.132929E-2 1.225384E0
3.333333E-2 -4.342570E-3    1.234518E0
6.666667E-2 1.392617E-2 1.197980E0
1.000000E-1 1.392617E-2 1.234518E0
1.333333E-1 1.392617E-2 1.234518E0
1.666667E-1 1.392617E-2 1.225384E0
2.000000E-1 4.791802E-3 1.225384E0
2.333333E-1 -2.261131E-2    1.207115E0
2.666667E-1 -2.261131E-2    1.207115E0
3.000000E-1 -4.088006E-2    1.179712E0
3.333333E-1 -5.914880E-2    1.170577E0
3.666667E-1 -6.828318E-2    1.179712E0
4.000000E-1 -1.048207E-1    1.261921E0
4.333333E-1 -1.139550E-1    1.280190E0
4.666667E-1 -1.870300E-1    1.334996E0
5.000000E-1 -2.052988E-1    1.353265E0
5.333333E-1 -2.327019E-1    1.344130E0
5.666667E-1 -2.509706E-1    1.316727E0
6.000000E-1 -2.966425E-1    1.234518E0
6.333333E-1 -3.514487E-1    1.188846E0
6.666667E-1 -3.605831E-1    1.161443E0
7.000000E-1 -3.697175E-1    1.134040E0
7.333333E-1 -3.788518E-1    1.152309E0
7.666667E-1 -3.788518E-1    1.161443E0
8.000000E-1 -3.788518E-1    1.170577E0
8.333333E-1 -3.788518E-1    1.179712E0
8.666667E-1 -3.788518E-1    1.188846E0
9.000000E-1 -3.788518E-1    1.188846E0
9.333333E-1 -3.788518E-1    1.179712E0
9.666667E-1 -3.788518E-1    1.170577E0
1.000000E0  -3.788518E-1    1.170577E0
1.033333E0  -3.788518E-1    1.161443E0
1.066667E0  -3.788518E-1    1.161443E0
1.100000E0  -3.788518E-1    1.161443E0
1.133333E0  -3.788518E-1    1.170577E0
1.166667E0  -3.605831E-1    1.197980E0
1.200000E0  -3.605831E-1    1.197980E0
1.233333E0  -3.605831E-1    1.197980E0
