0.000000E0  6.873241E-2 1.964639E-2
3.333333E-2 6.873241E-2 1.964639E-2
6.666667E-2 8.700115E-2 1.377643E-3
1.000000E-1 7.786678E-2 1.964639E-2
1.333333E-1 6.873241E-2 2.878076E-2
1.666667E-1 6.873241E-2 1.964639E-2
2.000000E-1 6.873241E-2 1.964639E-2
2.333333E-1 5.959803E-2 3.791513E-2
2.666667E-1 5.959803E-2 4.704950E-2
3.000000E-1 5.046366E-2 4.704950E-2
3.333333E-1 5.046366E-2 4.704950E-2
3.666667E-1 5.046366E-2 5.618388E-2
4.000000E-1 5.046366E-2 6.531825E-2
4.333333E-1 5.046366E-2 7.445262E-2
4.666667E-1 5.959803E-2 7.445262E-2
5.000000E-1 4.132929E-2 1.109901E-1
5.333333E-1 -1.347694E-2    1.657963E-1
5.666667E-1 -8.655192E-2    2.571401E-1
6.000000E-1 -1.139550E-1    2.936776E-1
6.333333E-1 -1.504925E-1    2.936776E-1
6.666667E-1 -2.327019E-1    3.028119E-1
7.000000E-1 -2.235675E-1    2.388713E-1
7.333333E-1 -2.235675E-1    2.297369E-1
7.666667E-1 -3.057769E-1    1.931995E-1
8.000000E-1 -3.605831E-1    1.566620E-1
8.333333E-1 -3.240456E-1    4.704950E-2
8.666667E-1 -3.240456E-1    1.377643E-3
9.000000E-1 -3.331800E-1    1.377643E-3
9.333333E-1 -3.331800E-1    1.377643E-3
9.666667E-1 -3.331800E-1    1.377643E-3
1.000000E0  -3.331800E-1    1.377643E-3
1.033333E0  -3.331800E-1    1.377643E-3
1.066667E0  -3.331800E-1    1.377643E-3
1.100000E0  -3.331800E-1    1.051202E-2
1.133333E0  -3.514487E-1    4.704950E-2
1.166667E0  -3.605831E-1    2.878076E-2
1.200000E0  -3.605831E-1    2.878076E-2
1.233333E0  -3.605831E-1    2.878076E-2
